Drink: Espresso
90 24 0A 00 03 00 02 02 00 64 00 00 00
90 20 0A 00 03 00 01 01 00 28 00 00 00
90 10 0A 00 03 00 01 01 00 28 00 00 00
90 18 0A 00 03 00 01 01 00 5A 00 00 00
90 18 0A 00 01 00 01 01 00 28 00 00 00
90 30 0A 00 01 01 01 01 00 28 00 00 00
90 1C 0A 00 02 00 01 01 00 28 00 00 00

--------------------------------------------------------------------
Drink: Coffee
90 24 0A 00 03 00 02 02 00 64 00 00 00
90 0C 0A 00 00 00 02 02 00 78 00 00 00
90 10 0A 00 01 00 02 02 00 64 00 00 00
90 14 0A 00 01 00 02 02 00 64 00 00 00
90 18 0A 00 02 00 02 02 00 64 00 00 00
90 18 0A 00 02 00 02 02 00 64 00 00 00
90 20 0A 00 02 02 02 02 00 64 00 00 00

--------------------------------------------------------------------
Drink: Americano
90 34 0A 01 03 00 02 02 00 28 00 28 00
90 34 0A 01 03 00 02 02 00 28 00 28 00
90 38 0A 01 03 00 02 02 00 28 00 28 00
90 01 0A 01 03 00 02 02 00 28 00 00 00
90 0C 0A 01 03 00 02 02 00 28 00 28 00
90 10 0A 01 03 00 02 02 00 28 00 3C 00
90 14 0A 01 03 00 02 02 00 28 00 50 00
90 08 0A 01 01 00 02 02 00 28 00 28 00
--------------------------------------------------------------------
Drink: Cappuccino
90 09 0A 03 01 00 02 03 02 28 00 78 00
90 0D 0A 03 03 00 02 03 02 28 00 78 00
--------------------------------------------------------------------
Drink: Latte macchiato
90 1C 0A 03 03 00 02 02 02 14 00 50 00
90 20 0A 03 02 00 02 02 02 28 00 C8 00
90 09 0A 03 03 00 02 02 02 14 00 50 00
--------------------------------------------------------------------
Drink: Coffee with milk
90 08 0A 02 03 00 02 01 02 32 00 32 00
--------------------------------------------------------------------
Drink: Latte Coffee
90 0C 0A 02 03 00 02 02 02 3C 00 8C 00
--------------------------------------------------------------------
Drink: Cream Cafe
90 08 0A 00 03 00 02 02 00 73 00 00 00
90 0C 0A 00 01 00 02 02 00 8C 00 00 00
--------------------------------------------------------------------
Drink: Milk foam
90 09 0A 04 03 00 00 00 02 28 00 00 00
--------------------------------------------------------------------
Drink: Ristretto
90 08 0A 00 03 00 02 03 00 1E 00 00 00
--------------------------------------------------------------------
Drink: Espresso lungo
90 11 0A 00 03 00 02 02 00 3C 00 00 00
--------------------------------------------------------------------
Drink: Hot water
90 06 0A 05 03 00 01 00 00 64 00 00 00
--------------------------------------------------------------------
Drink: Coffee on the road
90 09 0A 00 00 01 01 02 00 78 00 00 00
--------------------------------------------------------------------
Drink: Coffee with milk on the road
90 0D 0A 03 01 01 02 02 02 28 00 28 00