Напиток: Эспрессо
90 24 0A 00 03 00 02 02 00 64 00 00 00
90 20 0A 00 03 00 01 01 00 28 00 00 00
90 10 0A 00 03 00 01 01 00 28 00 00 00
90 18 0A 00 03 00 01 01 00 5A 00 00 00
90 18 0A 00 01 00 01 01 00 28 00 00 00
90 30 0A 00 01 01 01 01 00 28 00 00 00
90 1C 0A 00 02 00 01 01 00 28 00 00 00

--------------------------------------------------------------------
Напиток: Кофе
90 24 0A 00 03 00 02 02 00 64 00 00 00
90 0C 0A 00 00 00 02 02 00 78 00 00 00
90 10 0A 00 01 00 02 02 00 64 00 00 00
90 14 0A 00 01 00 02 02 00 64 00 00 00
90 18 0A 00 02 00 02 02 00 64 00 00 00
90 18 0A 00 02 00 02 02 00 64 00 00 00
90 20 0A 00 02 02 02 02 00 64 00 00 00

--------------------------------------------------------------------
Напиток: Американо
90 34 0A 01 03 00 02 02 00 28 00 28 00
90 34 0A 01 03 00 02 02 00 28 00 28 00
90 38 0A 01 03 00 02 02 00 28 00 28 00
90 01 0A 01 03 00 02 02 00 28 00 00 00
90 0C 0A 01 03 00 02 02 00 28 00 28 00
90 10 0A 01 03 00 02 02 00 28 00 3C 00
90 14 0A 01 03 00 02 02 00 28 00 50 00
90 08 0A 01 01 00 02 02 00 28 00 28 00
--------------------------------------------------------------------
Напиток: Капучино
90 09 0A 03 01 00 02 03 02 28 00 78 00
90 0D 0A 03 03 00 02 03 02 28 00 78 00
--------------------------------------------------------------------
Напиток: Латте макиато
90 1C 0A 03 03 00 02 02 02 14 00 50 00
90 20 0A 03 02 00 02 02 02 28 00 C8 00
90 09 0A 03 03 00 02 02 02 14 00 50 00
--------------------------------------------------------------------
Напиток: Кофе с молоком
90 08 0A 02 03 00 02 01 02 32 00 32 00
--------------------------------------------------------------------
Напиток: Кофе Латте
90 0C 0A 02 03 00 02 02 02 3C 00 8C 00
--------------------------------------------------------------------
Напиток: Кафе крема
90 08 0A 00 03 00 02 02 00 73 00 00 00
90 0C 0A 00 01 00 02 02 00 8C 00 00 00
--------------------------------------------------------------------
Напиток: Молочная пена
90 09 0A 04 03 00 00 00 02 28 00 00 00
--------------------------------------------------------------------
Напиток: Ристретто
90 08 0A 00 03 00 02 03 00 1E 00 00 00
--------------------------------------------------------------------
Напиток: Эспрессо лунго
90 11 0A 00 03 00 02 02 00 3C 00 00 00
--------------------------------------------------------------------
Напиток: Горячая вода
90 06 0A 05 03 00 01 00 00 64 00 00 00
--------------------------------------------------------------------
Напиток: Кофе в дорогу
90 09 0A 00 00 01 01 02 00 78 00 00 00
--------------------------------------------------------------------
Напиток: Кофе с молоком в дорогу
90 0D 0A 03 01 01 02 02 02 28 00 28 00
